out2.json
[1, 21]	136
[21, 0]	2
[21, 10]	1
[21, 11]	1
[21, 12]	1
[21, 13]	1
[21, 14]	1
[21, 15]	1
[21, 18]	7
[21, 1]	1
[21, 20]	2
[21, 21]	1
[21, 22]	1
[21, 23]	2
[21, 4]	3
[21, 5]	4
[21, 6]	3
[21, 7]	4
[21, 8]	2
[22, 0]	1
[22, 10]	2
[22, 11]	2
[22, 12]	1
[22, 13]	1
[22, 14]	2
[22, 15]	1
[22, 17]	1
[22, 18]	4
[22, 19]	2
[22, 20]	2
[22, 21]	1
[22, 22]	1
[22, 23]	5
[22, 2]	1
[22, 3]	2
[22, 4]	2
[22, 5]	1
[22, 6]	3
[22, 7]	3
[22, 9]	4
[23, 0]	1
[23, 13]	1
[23, 14]	1
[23, 15]	1
[23, 16]	1
[23, 17]	3
[23, 18]	2
[23, 1]	3
[23, 20]	2
[23, 21]	1
[23, 22]	3
[23, 23]	2
[23, 2]	2
[23, 3]	3
[23, 4]	1
[23, 5]	2
[23, 6]	2
[23, 7]	4
[23, 8]	3
[23, 9]	1
[24, 0]	1
[24, 10]	2
[24, 12]	2
[24, 13]	2
[24, 14]	2
[24, 16]	2
[24, 19]	1
[24, 1]	2
[24, 23]	2
[24, 4]	1
[24, 7]	2
[24, 8]	5
[25, 0]	3
[25, 10]	5
[25, 11]	1
[25, 12]	2
[25, 15]	1
[25, 16]	1
[25, 17]	2
[25, 18]	1
[25, 19]	4
[25, 1]	6
[25, 20]	3
[25, 21]	3
[25, 22]	2
[25, 23]	3
[25, 2]	5
[25, 3]	3
[25, 4]	2
[25, 5]	2
[25, 7]	3
[25, 8]	3
[26, 12]	1
[26, 13]	1
[26, 15]	3
[26, 16]	5
[26, 19]	4
[26, 1]	2
[26, 20]	2
[26, 22]	2
[26, 23]	2
[26, 3]	3
[26, 4]	2
[26, 7]	1
[26, 8]	2
[26, 9]	6
[27, 0]	5
[27, 10]	2
[27, 11]	1
[27, 12]	1
[27, 13]	2
[27, 14]	7
[27, 15]	1
[27, 16]	1
[27, 17]	3
[27, 18]	1
[27, 19]	1
[27, 1]	5
[27, 20]	1
[27, 21]	2
[27, 22]	1
[27, 23]	3
[27, 2]	10
[27, 3]	6
[27, 4]	1
[27, 5]	3
[27, 8]	1
[27, 9]	1
[28, 0]	1
[28, 10]	2
[28, 11]	5
[28, 12]	2
[28, 15]	1
[28, 16]	3
[28, 17]	1
[28, 18]	5
[28, 19]	3
[28, 1]	1
[28, 20]	2
[28, 21]	2
[28, 22]	2
[28, 23]	2
[28, 2]	2
[28, 3]	3
[28, 4]	2
[28, 5]	14
[28, 6]	2
[28, 7]	8
[28, 8]	9
[28, 9]	6
[29, 0]	1
[29, 10]	1
[29, 12]	4
[29, 13]	1
[29, 17]	2
[29, 18]	1
[29, 19]	3
[29, 1]	1
[29, 20]	9
[29, 21]	2
[29, 22]	5
[29, 23]	7
[29, 2]	4
[29, 3]	3
[29, 4]	2
[29, 5]	5
[29, 7]	5
[29, 8]	1
[29, 9]	1
[30, 0]	2
[30, 11]	1
[30, 12]	1
[30, 14]	1
[30, 16]	2
[30, 17]	1
[30, 19]	2
[30, 1]	3
[30, 20]	1
[30, 21]	1
[30, 22]	1
[30, 23]	3
[30, 2]	3
[30, 3]	2
[30, 4]	2
[30, 5]	1
[30, 7]	4
[31, 11]	1
[31, 13]	3
[31, 15]	4
[31, 16]	1
[31, 17]	2
[31, 18]	4
[31, 19]	1
[31, 1]	1
[31, 20]	3
[31, 21]	2
[31, 22]	3
[31, 23]	1
[31, 2]	2
[31, 3]	3
[31, 4]	3
[31, 5]	5
[31, 6]	3
[31, 7]	5
[31, 8]	1
[32, 11]	1
[32, 12]	1
[32, 13]	1
[32, 14]	4
[32, 15]	1
[32, 18]	1
[32, 19]	1
[32, 1]	3
[32, 20]	2
[32, 21]	5
[32, 22]	2
[32, 23]	2
[32, 2]	3
[32, 4]	2
[32, 5]	3
[32, 6]	5
[32, 7]	1
[32, 8]	7
[32, 9]	2
[33, 10]	1
[33, 13]	2
[33, 16]	1
[33, 18]	2
[33, 1]	7
[33, 20]	1
[33, 21]	1
[33, 23]	3
[33, 2]	2
[33, 3]	3
[33, 4]	2
[33, 5]	4
[33, 6]	1
[33, 7]	2
[33, 8]	1
[33, 9]	1
[34, 0]	1
[34, 10]	1
[34, 11]	2
[34, 12]	2
[34, 13]	1
[34, 15]	1
[34, 16]	3
[34, 17]	2
[34, 18]	1
[34, 20]	2
[34, 21]	1
[34, 22]	2
[34, 23]	5
[34, 2]	1
[34, 4]	4
[34, 5]	2
[34, 7]	2
[34, 8]	1
[34, 9]	2
[35, 0]	8
[35, 10]	1
[35, 11]	3
[35, 12]	1
[35, 16]	1
[35, 17]	3
[35, 18]	2
[35, 19]	1
[35, 1]	3
[35, 20]	1
[35, 21]	3
[35, 22]	4
[35, 23]	3
[35, 2]	4
[35, 3]	6
[35, 4]	3
[35, 5]	3
[35, 6]	6
[35, 7]	3
[35, 8]	5
[35, 9]	1
[36, 0]	1
[36, 11]	2
[36, 12]	4
[36, 13]	1
[36, 14]	4
[36, 15]	2
[36, 16]	2
[36, 17]	3
[36, 19]	3
[36, 1]	3
[36, 20]	2
[36, 21]	4
[36, 22]	4
[36, 23]	1
[36, 3]	3
[36, 4]	1
[36, 5]	1
[36, 6]	2
[36, 7]	4
[36, 8]	1
[37, 0]	29
[37, 10]	17
[37, 11]	10
[37, 12]	10
[37, 13]	19
[37, 14]	5
[37, 15]	6
[37, 16]	14
[37, 17]	15
[37, 18]	24
[37, 19]	30
[37, 1]	25
[37, 20]	26
[37, 21]	17
[37, 22]	27
[37, 23]	32
[37, 2]	25
[37, 3]	17
[37, 4]	22
[37, 5]	12
[37, 6]	13
[37, 7]	24
[37, 8]	26
[37, 9]	22
[38, 0]	49
[38, 10]	32
[38, 11]	32
[38, 12]	24
[38, 13]	28
[38, 14]	8
[38, 15]	37
[38, 16]	30
[38, 17]	51
[38, 18]	52
[38, 19]	66
[38, 1]	53
[38, 20]	73
[38, 21]	54
[38, 22]	69
[38, 23]	55
[38, 2]	48
[38, 3]	54
[38, 4]	35
[38, 5]	55
[38, 6]	33
[38, 7]	43
[38, 8]	36
[38, 9]	46
[39, 0]	243
[39, 10]	206
[39, 11]	189
[39, 12]	134
[39, 13]	118
[39, 14]	100
[39, 15]	151
[39, 16]	195
[39, 17]	270
[39, 18]	284
[39, 19]	308
[39, 1]	261
[39, 20]	321
[39, 21]	336
[39, 22]	328
[39, 23]	391
[39, 2]	284
[39, 3]	429
[39, 4]	306
[39, 5]	377
[39, 6]	318
[39, 7]	350
[39, 8]	247
[39, 9]	259
[40, 0]	151
[40, 10]	46
[40, 11]	32
[40, 12]	19
[40, 13]	28
[40, 14]	17
[40, 15]	24
[40, 16]	29
[40, 17]	43
[40, 18]	43
[40, 19]	54
[40, 1]	132
[40, 20]	67
[40, 21]	64
[40, 22]	76
[40, 23]	82
[40, 2]	108
[40, 3]	116
[40, 4]	90
[40, 5]	94
[40, 6]	98
[40, 7]	70
[40, 8]	48
[40, 9]	48
[41, 0]	299
[41, 10]	190
[41, 11]	187
[41, 12]	136
[41, 13]	119
[41, 14]	107
[41, 15]	144
[41, 16]	186
[41, 17]	244
[41, 18]	304
[41, 19]	311
[41, 1]	289
[41, 20]	317
[41, 21]	334
[41, 22]	415
[41, 23]	430
[41, 2]	266
[41, 3]	254
[41, 4]	252
[41, 5]	216
[41, 6]	256
[41, 7]	256
[41, 8]	233
[41, 9]	195
[42, 0]	136
[42, 10]	699
[42, 11]	422
[42, 12]	228
[42, 13]	227
[42, 14]	202
[42, 15]	177
[42, 16]	220
[42, 17]	297
[42, 18]	376
[42, 19]	432
[42, 1]	149
[42, 20]	242
[42, 21]	171
[42, 22]	141
[42, 23]	80
[42, 2]	122
[42, 3]	126
[42, 4]	138
[42, 5]	323
[42, 6]	496
[42, 7]	619
[42, 8]	518
[42, 9]	568
[43, 0]	38
[43, 10]	45
[43, 11]	53
[43, 12]	65
[43, 13]	47
[43, 14]	45
[43, 15]	53
[43, 16]	55
[43, 17]	66
[43, 18]	42
[43, 19]	62
[43, 1]	54
[43, 20]	85
[43, 21]	82
[43, 22]	67
[43, 23]	73
[43, 2]	37
[43, 3]	50
[43, 4]	44
[43, 5]	37
[43, 6]	43
[43, 7]	42
[43, 8]	33
[43, 9]	43
[44, 0]	636
[44, 10]	429
[44, 11]	576
[44, 12]	718
[44, 13]	835
[44, 14]	801
[44, 15]	717
[44, 16]	442
[44, 17]	415
[44, 18]	431
[44, 19]	468
[44, 1]	555
[44, 20]	448
[44, 21]	476
[44, 22]	564
[44, 23]	696
[44, 2]	484
[44, 3]	362
[44, 4]	348
[44, 5]	317
[44, 6]	284
[44, 7]	303
[44, 8]	368
[44, 9]	434