project_tweets01.data
[14, 22, "neu"]	1
[25, 17, "neg"]	1
[26, 0, "neg"]	149
[26, 0, "neu"]	827
[26, 0, "pos"]	485
[26, 1, "neg"]	153
[26, 1, "neu"]	721
[26, 1, "pos"]	439
[26, 10, "neg"]	195
[26, 10, "neu"]	956
[26, 10, "pos"]	508
[26, 11, "neg"]	175
[26, 11, "neu"]	1024
[26, 11, "pos"]	616
[26, 12, "neg"]	209
[26, 12, "neu"]	960
[26, 12, "pos"]	600
[26, 13, "neg"]	423
[26, 13, "neu"]	1070
[26, 13, "pos"]	707
[26, 14, "neg"]	246
[26, 14, "neu"]	986
[26, 14, "pos"]	671
[26, 15, "neg"]	202
[26, 15, "neu"]	916
[26, 15, "pos"]	615
[26, 16, "neg"]	181
[26, 16, "neu"]	765
[26, 16, "pos"]	626
[26, 17, "neg"]	227
[26, 17, "neu"]	783
[26, 17, "pos"]	677
[26, 18, "neg"]	189
[26, 18, "neu"]	959
[26, 18, "pos"]	636
[26, 19, "neg"]	191
[26, 19, "neu"]	801
[26, 19, "pos"]	625
[26, 2, "neg"]	162
[26, 2, "neu"]	660
[26, 2, "pos"]	346
[26, 20, "neg"]	250
[26, 20, "neu"]	1164
[26, 20, "pos"]	816
[26, 21, "neg"]	253
[26, 21, "neu"]	1135
[26, 21, "pos"]	735
[26, 22, "neg"]	298
[26, 22, "neu"]	1074
[26, 22, "pos"]	764
[26, 23, "neg"]	248
[26, 23, "neu"]	1256
[26, 23, "pos"]	688
[26, 3, "neg"]	113
[26, 3, "neu"]	921
[26, 3, "pos"]	328
[26, 4, "neg"]	127
[26, 4, "neu"]	1023
[26, 4, "pos"]	318
[26, 5, "neg"]	218
[26, 5, "neu"]	739
[26, 5, "pos"]	386
[26, 6, "neg"]	99
[26, 6, "neu"]	771
[26, 6, "pos"]	371
[26, 7, "neg"]	108
[26, 7, "neu"]	697
[26, 7, "pos"]	362
[26, 8, "neg"]	150
[26, 8, "neu"]	866
[26, 8, "pos"]	409
[26, 9, "neg"]	181
[26, 9, "neu"]	1083
[26, 9, "pos"]	508
[27, 0, "neg"]	328
[27, 0, "neu"]	1120
[27, 0, "pos"]	713
[27, 1, "neg"]	244
[27, 1, "neu"]	1436
[27, 1, "pos"]	644
[27, 10, "neg"]	511
[27, 10, "neu"]	2062
[27, 10, "pos"]	884
[27, 11, "neg"]	485
[27, 11, "neu"]	2281
[27, 11, "pos"]	953
[27, 12, "neg"]	458
[27, 12, "neu"]	2526
[27, 12, "pos"]	973
[27, 13, "neg"]	507
[27, 13, "neu"]	2030
[27, 13, "pos"]	1105
[27, 14, "neg"]	447
[27, 14, "neu"]	1838
[27, 14, "pos"]	946
[27, 15, "neg"]	503
[27, 15, "neu"]	1969
[27, 15, "pos"]	945
[27, 16, "neg"]	431
[27, 16, "neu"]	1898
[27, 16, "pos"]	916
[27, 17, "neg"]	458
[27, 17, "neu"]	1678
[27, 17, "pos"]	951
[27, 18, "neg"]	331
[27, 18, "neu"]	1189
[27, 18, "pos"]	718
[27, 19, "neg"]	323
[27, 19, "neu"]	1482
[27, 19, "pos"]	782
[27, 2, "neg"]	240
[27, 2, "neu"]	1141
[27, 2, "pos"]	503
[27, 20, "neg"]	260
[27, 20, "neu"]	1155
[27, 20, "pos"]	932
[27, 21, "neg"]	334
[27, 21, "neu"]	1281
[27, 21, "pos"]	932
[27, 22, "neg"]	350
[27, 22, "neu"]	1259
[27, 22, "pos"]	730
[27, 23, "neg"]	319
[27, 23, "neu"]	1155
[27, 23, "pos"]	681
[27, 3, "neg"]	217
[27, 3, "neu"]	1227
[27, 3, "pos"]	554
[27, 4, "neg"]	186
[27, 4, "neu"]	1327
[27, 4, "pos"]	550
[27, 5, "neg"]	227
[27, 5, "neu"]	1317
[27, 5, "pos"]	518
[27, 6, "neg"]	249
[27, 6, "neu"]	1432
[27, 6, "pos"]	476
[27, 7, "neg"]	265
[27, 7, "neu"]	1702
[27, 7, "pos"]	616
[27, 8, "neg"]	297
[27, 8, "neu"]	1887
[27, 8, "pos"]	716
[27, 9, "neg"]	389
[27, 9, "neu"]	1967
[27, 9, "pos"]	796
[28, 0, "neg"]	73
[28, 0, "neu"]	46
[28, 0, "pos"]	84
[28, 1, "neg"]	32
[28, 1, "neu"]	90
[28, 1, "pos"]	103
[28, 10, "neg"]	679
[28, 10, "neu"]	5518
[28, 10, "pos"]	2414
[28, 11, "neg"]	658
[28, 11, "neu"]	4406
[28, 11, "pos"]	2823
[28, 12, "neg"]	869
[28, 12, "neu"]	3845
[28, 12, "pos"]	2358
[28, 13, "neg"]	610
[28, 13, "neu"]	3383
[28, 13, "pos"]	2030
[28, 14, "neg"]	491
[28, 14, "neu"]	2931
[28, 14, "pos"]	1589
[28, 15, "neg"]	422
[28, 15, "neu"]	2499
[28, 15, "pos"]	1365
[28, 16, "neg"]	401
[28, 16, "neu"]	2239
[28, 16, "pos"]	1255
[28, 17, "neg"]	381
[28, 17, "neu"]	2225
[28, 17, "pos"]	1217
[28, 18, "neg"]	268
[28, 18, "neu"]	1743
[28, 18, "pos"]	953
[28, 19, "neg"]	307
[28, 19, "neu"]	1816
[28, 19, "pos"]	758
[28, 2, "neg"]	118
[28, 2, "neu"]	564
[28, 2, "pos"]	523
[28, 20, "neg"]	8
[28, 20, "neu"]	69
[28, 20, "pos"]	59
[28, 21, "neg"]	16
[28, 21, "neu"]	89
[28, 21, "pos"]	58
[28, 22, "neg"]	5
[28, 22, "neu"]	76
[28, 22, "pos"]	58
[28, 23, "neg"]	246
[28, 23, "neu"]	106
[28, 23, "pos"]	183
[28, 3, "neg"]	173
[28, 3, "neu"]	702
[28, 3, "pos"]	611
[28, 4, "neg"]	137
[28, 4, "neu"]	885
[28, 4, "pos"]	379
[28, 5, "neg"]	133
[28, 5, "neu"]	708
[28, 5, "pos"]	360
[28, 6, "neg"]	89
[28, 6, "neu"]	753
[28, 6, "pos"]	326
[28, 7, "neg"]	133
[28, 7, "neu"]	1147
[28, 7, "pos"]	518
[28, 8, "neg"]	637
[28, 8, "neu"]	3895
[28, 8, "pos"]	1803
[28, 9, "neg"]	690
[28, 9, "neu"]	5818
[28, 9, "pos"]	2572
[29, 0, "neg"]	264
[29, 0, "neu"]	1439
[29, 0, "pos"]	762
[29, 1, "neg"]	254
[29, 1, "neu"]	1397
[29, 1, "pos"]	1235
[29, 10, "neg"]	710
[29, 10, "neu"]	3430
[29, 10, "pos"]	1852
[29, 11, "neg"]	686
[29, 11, "neu"]	3517
[29, 11, "pos"]	1836
[29, 12, "neg"]	625
[29, 12, "neu"]	3614
[29, 12, "pos"]	1997
[29, 13, "neg"]	738
[29, 13, "neu"]	3078
[29, 13, "pos"]	2251
[29, 14, "neg"]	740
[29, 14, "neu"]	2806
[29, 14, "pos"]	2064
[29, 15, "neg"]	718
[29, 15, "neu"]	2923
[29, 15, "pos"]	2193
[29, 16, "neg"]	623
[29, 16, "neu"]	3143
[29, 16, "pos"]	2109
[29, 17, "neg"]	552
[29, 17, "neu"]	2944
[29, 17, "pos"]	1644
[29, 18, "neg"]	517
[29, 18, "neu"]	2409
[29, 18, "pos"]	1817
[29, 19, "neg"]	553
[29, 19, "neu"]	2285
[29, 19, "pos"]	1557
[29, 2, "neg"]	354
[29, 2, "neu"]	1532
[29, 2, "pos"]	1085
[29, 20, "neg"]	379
[29, 20, "neu"]	1799
[29, 20, "pos"]	1211
[29, 21, "neg"]	316
[29, 21, "neu"]	1830
[29, 21, "pos"]	1373
[29, 22, "neg"]	365
[29, 22, "neu"]	1766
[29, 22, "pos"]	1023
[29, 23, "neg"]	310
[29, 23, "neu"]	1589
[29, 23, "pos"]	868
[29, 3, "neg"]	406
[29, 3, "neu"]	2517
[29, 3, "pos"]	1279
[29, 4, "neg"]	321
[29, 4, "neu"]	2264
[29, 4, "pos"]	1259
[29, 5, "neg"]	316
[29, 5, "neu"]	2821
[29, 5, "pos"]	1258
[29, 6, "neg"]	351
[29, 6, "neu"]	2564
[29, 6, "pos"]	1046
[29, 7, "neg"]	499
[29, 7, "neu"]	2697
[29, 7, "pos"]	1374
[29, 8, "neg"]	516
[29, 8, "neu"]	2833
[29, 8, "pos"]	1420
[29, 9, "neg"]	668
[29, 9, "neu"]	3670
[29, 9, "pos"]	2098
[30, 0, "neg"]	347
[30, 0, "neu"]	1784
[30, 0, "pos"]	804
[30, 1, "neg"]	286
[30, 1, "neu"]	1651
[30, 1, "pos"]	883
[30, 10, "neg"]	1377
[30, 10, "neu"]	5719
[30, 10, "pos"]	2595
[30, 11, "neg"]	1513
[30, 11, "neu"]	5113
[30, 11, "pos"]	2241
[30, 12, "neg"]	1235
[30, 12, "neu"]	5317
[30, 12, "pos"]	2205
[30, 13, "neg"]	1060
[30, 13, "neu"]	4350
[30, 13, "pos"]	2334
[30, 14, "neg"]	872
[30, 14, "neu"]	3566
[30, 14, "pos"]	1927
[30, 15, "neg"]	885
[30, 15, "neu"]	3338
[30, 15, "pos"]	1827
[30, 16, "neg"]	847
[30, 16, "neu"]	3215
[30, 16, "pos"]	1624
[30, 17, "neg"]	737
[30, 17, "neu"]	3215
[30, 17, "pos"]	1607
[30, 18, "neg"]	715
[30, 18, "neu"]	3102
[30, 18, "pos"]	1757
[30, 19, "neg"]	666
[30, 19, "neu"]	2805
[30, 19, "pos"]	1589
[30, 2, "neg"]	272
[30, 2, "neu"]	1698
[30, 2, "pos"]	763
[30, 20, "neg"]	552
[30, 20, "neu"]	2777
[30, 20, "pos"]	1334
[30, 21, "neg"]	577
[30, 21, "neu"]	2522
[30, 21, "pos"]	1378
[30, 22, "neg"]	575
[30, 22, "neu"]	2790
[30, 22, "pos"]	1370
[30, 23, "neg"]	470
[30, 23, "neu"]	2514
[30, 23, "pos"]	1097
[30, 3, "neg"]	603
[30, 3, "neu"]	2467
[30, 3, "pos"]	1470
[30, 4, "neg"]	1045
[30, 4, "neu"]	2453
[30, 4, "pos"]	1172
[30, 5, "neg"]	1186
[30, 5, "neu"]	2937
[30, 5, "pos"]	1051
[30, 6, "neg"]	1071
[30, 6, "neu"]	2684
[30, 6, "pos"]	1029
[30, 7, "neg"]	865
[30, 7, "neu"]	3238
[30, 7, "pos"]	1283
[30, 8, "neg"]	858
[30, 8, "neu"]	3051
[30, 8, "pos"]	1470
[30, 9, "neg"]	1217
[30, 9, "neu"]	5251
[30, 9, "pos"]	2073
[31, 0, "neg"]	415
[31, 0, "neu"]	1948
[31, 0, "pos"]	1085
[31, 1, "neg"]	312
[31, 1, "neu"]	1644
[31, 1, "pos"]	879
[31, 10, "neg"]	677
[31, 10, "neu"]	3051
[31, 10, "pos"]	1640
[31, 11, "neg"]	697
[31, 11, "neu"]	3114
[31, 11, "pos"]	1582
[31, 12, "neg"]	746
[31, 12, "neu"]	3059
[31, 12, "pos"]	1710
[31, 13, "neg"]	703
[31, 13, "neu"]	3201
[31, 13, "pos"]	1792
[31, 14, "neg"]	711
[31, 14, "neu"]	2847
[31, 14, "pos"]	1610
[31, 15, "neg"]	659
[31, 15, "neu"]	2535
[31, 15, "pos"]	1999
[31, 16, "neg"]	594
[31, 16, "neu"]	2482
[31, 16, "pos"]	1654
[31, 17, "neg"]	695
[31, 17, "neu"]	2657
[31, 17, "pos"]	1807
[31, 18, "neg"]	637
[31, 18, "neu"]	2723
[31, 18, "pos"]	1715
[31, 19, "neg"]	652
[31, 19, "neu"]	2818
[31, 19, "pos"]	1606
[31, 2, "neg"]	317
[31, 2, "neu"]	1591
[31, 2, "pos"]	812
[31, 20, "neg"]	974
[31, 20, "neu"]	3103
[31, 20, "pos"]	1903
[31, 21, "neg"]	863
[31, 21, "neu"]	2686
[31, 21, "pos"]	1692
[31, 22, "neg"]	689
[31, 22, "neu"]	2402
[31, 22, "pos"]	1456
[31, 23, "neg"]	595
[31, 23, "neu"]	2161
[31, 23, "pos"]	1366
[31, 3, "neg"]	288
[31, 3, "neu"]	1768
[31, 3, "pos"]	760
[31, 4, "neg"]	283
[31, 4, "neu"]	1757
[31, 4, "pos"]	824
[31, 5, "neg"]	355
[31, 5, "neu"]	2543
[31, 5, "pos"]	798
[31, 6, "neg"]	375
[31, 6, "neu"]	2235
[31, 6, "pos"]	1007
[31, 7, "neg"]	437
[31, 7, "neu"]	2214
[31, 7, "pos"]	1168
[31, 8, "neg"]	468
[31, 8, "neu"]	2822
[31, 8, "pos"]	1077
[31, 9, "neg"]	647
[31, 9, "neu"]	2826
[31, 9, "pos"]	1434
[32, 0, "neg"]	410
[32, 0, "neu"]	1737
[32, 0, "pos"]	876
[32, 1, "neg"]	402
[32, 1, "neu"]	1665
[32, 1, "pos"]	967
[32, 10, "neg"]	594
[32, 10, "neu"]	2883
[32, 10, "pos"]	1365
[32, 11, "neg"]	617
[32, 11, "neu"]	2757
[32, 11, "pos"]	1467
[32, 12, "neg"]	665
[32, 12, "neu"]	2973
[32, 12, "pos"]	1490
[32, 13, "neg"]	658
[32, 13, "neu"]	2776
[32, 13, "pos"]	1818
[32, 14, "neg"]	714
[32, 14, "neu"]	3186
[32, 14, "pos"]	1762
[32, 15, "neg"]	748
[32, 15, "neu"]	2708
[32, 15, "pos"]	1624
[32, 16, "neg"]	809
[32, 16, "neu"]	2471
[32, 16, "pos"]	1841
[32, 17, "neg"]	764
[32, 17, "neu"]	2581
[32, 17, "pos"]	1801
[32, 18, "neg"]	719
[32, 18, "neu"]	3055
[32, 18, "pos"]	1651
[32, 19, "neg"]	650
[32, 19, "neu"]	2526
[32, 19, "pos"]	1602
[32, 2, "neg"]	387
[32, 2, "neu"]	1759
[32, 2, "pos"]	1153
[32, 20, "neg"]	640
[32, 20, "neu"]	2412
[32, 20, "pos"]	1445
[32, 21, "neg"]	613
[32, 21, "neu"]	2185
[32, 21, "pos"]	1465
[32, 22, "neg"]	510
[32, 22, "neu"]	2103
[32, 22, "pos"]	1331
[32, 23, "neg"]	489
[32, 23, "neu"]	2109
[32, 23, "pos"]	1210
[32, 3, "neg"]	309
[32, 3, "neu"]	1609
[32, 3, "pos"]	820
[32, 4, "neg"]	282
[32, 4, "neu"]	1837
[32, 4, "pos"]	798
[32, 5, "neg"]	314
[32, 5, "neu"]	1823
[32, 5, "pos"]	739
[32, 6, "neg"]	307
[32, 6, "neu"]	2175
[32, 6, "pos"]	772
[32, 7, "neg"]	432
[32, 7, "neu"]	2339
[32, 7, "pos"]	1213
[32, 8, "neg"]	445
[32, 8, "neu"]	2454
[32, 8, "pos"]	1059
[32, 9, "neg"]	506
[32, 9, "neu"]	2767
[32, 9, "pos"]	1249
[33, 0, "neg"]	416
[33, 0, "neu"]	1948
[33, 0, "pos"]	1091
[33, 1, "neg"]	361
[33, 1, "neu"]	1645
[33, 1, "pos"]	1015
[33, 10, "neg"]	493
[33, 10, "neu"]	2532
[33, 10, "pos"]	1250
[33, 11, "neg"]	519
[33, 11, "neu"]	2719
[33, 11, "pos"]	1354
[33, 12, "neg"]	643
[33, 12, "neu"]	2959
[33, 12, "pos"]	1512
[33, 13, "neg"]	633
[33, 13, "neu"]	2700
[33, 13, "pos"]	1631
[33, 14, "neg"]	705
[33, 14, "neu"]	2631
[33, 14, "pos"]	1579
[33, 15, "neg"]	694
[33, 15, "neu"]	2340
[33, 15, "pos"]	1657
[33, 16, "neg"]	727
[33, 16, "neu"]	2390
[33, 16, "pos"]	1411
[33, 17, "neg"]	720
[33, 17, "neu"]	2516
[33, 17, "pos"]	1702
[33, 18, "neg"]	540
[33, 18, "neu"]	2338
[33, 18, "pos"]	2101
[33, 19, "neg"]	500
[33, 19, "neu"]	2203
[33, 19, "pos"]	1584
[33, 2, "neg"]	309
[33, 2, "neu"]	1773
[33, 2, "pos"]	849
[33, 20, "neg"]	586
[33, 20, "neu"]	2197
[33, 20, "pos"]	1438
[33, 21, "neg"]	550
[33, 21, "neu"]	2805
[33, 21, "pos"]	1501
[33, 22, "neg"]	685
[33, 22, "neu"]	2916
[33, 22, "pos"]	1554
[33, 23, "neg"]	495
[33, 23, "neu"]	2338
[33, 23, "pos"]	1352
[33, 3, "neg"]	299
[33, 3, "neu"]	1347
[33, 3, "pos"]	710
[33, 4, "neg"]	305
[33, 4, "neu"]	1747
[33, 4, "pos"]	648
[33, 5, "neg"]	277
[33, 5, "neu"]	1733
[33, 5, "pos"]	697
[33, 6, "neg"]	309
[33, 6, "neu"]	1843
[33, 6, "pos"]	828
[33, 7, "neg"]	325
[33, 7, "neu"]	2005
[33, 7, "pos"]	909
[33, 8, "neg"]	373
[33, 8, "neu"]	2479
[33, 8, "pos"]	874
[33, 9, "neg"]	446
[33, 9, "neu"]	2438
[33, 9, "pos"]	1054
[34, 0, "neg"]	208
[34, 0, "neu"]	1176
[34, 0, "pos"]	776
[34, 1, "neg"]	207
[34, 1, "neu"]	961
[34, 1, "pos"]	627
[34, 10, "neg"]	251
[34, 10, "neu"]	1552
[34, 10, "pos"]	774
[34, 11, "neg"]	370
[34, 11, "neu"]	1724
[34, 11, "pos"]	1006
[34, 12, "neg"]	302
[34, 12, "neu"]	1689
[34, 12, "pos"]	1136
[34, 13, "neg"]	341
[34, 13, "neu"]	1728
[34, 13, "pos"]	1084
[34, 14, "neg"]	347
[34, 14, "neu"]	1662
[34, 14, "pos"]	1134
[34, 15, "neg"]	414
[34, 15, "neu"]	1538
[34, 15, "pos"]	995
[34, 16, "neg"]	364
[34, 16, "neu"]	1442
[34, 16, "pos"]	1053
[34, 17, "neg"]	354
[34, 17, "neu"]	1521
[34, 17, "pos"]	1127
[34, 18, "neg"]	333
[34, 18, "neu"]	1448
[34, 18, "pos"]	936
[34, 19, "neg"]	302
[34, 19, "neu"]	1355
[34, 19, "pos"]	999
[34, 2, "neg"]	420
[34, 2, "neu"]	989
[34, 2, "pos"]	632
[34, 20, "neg"]	280
[34, 20, "neu"]	1324
[34, 20, "pos"]	873
[34, 21, "neg"]	168
[34, 21, "neu"]	888
[34, 21, "pos"]	643
[34, 22, "neg"]	188
[34, 22, "neu"]	903
[34, 22, "pos"]	701
[34, 23, "neg"]	144
[34, 23, "neu"]	891
[34, 23, "pos"]	564
[34, 3, "neg"]	195
[34, 3, "neu"]	905
[34, 3, "pos"]	475
[34, 4, "neg"]	175
[34, 4, "neu"]	884
[34, 4, "pos"]	393
[34, 5, "neg"]	143
[34, 5, "neu"]	990
[34, 5, "pos"]	389
[34, 6, "neg"]	131
[34, 6, "neu"]	1098
[34, 6, "pos"]	506
[34, 7, "neg"]	157
[34, 7, "neu"]	1112
[34, 7, "pos"]	463
[34, 8, "neg"]	186
[34, 8, "neu"]	1198
[34, 8, "pos"]	583
[34, 9, "neg"]	243
[34, 9, "neu"]	1307
[34, 9, "pos"]	629
[35, 0, "neg"]	270
[35, 0, "neu"]	876
[35, 0, "pos"]	601
[35, 1, "neg"]	163
[35, 1, "neu"]	668
[35, 1, "pos"]	542
[35, 10, "neg"]	603
[35, 10, "neu"]	4290
[35, 10, "pos"]	1480
[35, 11, "neg"]	2009
[35, 11, "neu"]	9615
[35, 11, "pos"]	5201
[35, 12, "neg"]	888
[35, 12, "neu"]	5595
[35, 12, "pos"]	2638
[35, 13, "neg"]	791
[35, 13, "neu"]	3403
[35, 13, "pos"]	2259
[35, 14, "neg"]	645
[35, 14, "neu"]	2638
[35, 14, "pos"]	1628
[35, 15, "neg"]	632
[35, 15, "neu"]	2619
[35, 15, "pos"]	1636
[35, 16, "neg"]	458
[35, 16, "neu"]	2115
[35, 16, "pos"]	1345
[35, 17, "neg"]	518
[35, 17, "neu"]	2040
[35, 17, "pos"]	1304
[35, 18, "neg"]	563
[35, 18, "neu"]	2123
[35, 18, "pos"]	1350
[35, 19, "neg"]	459
[35, 19, "neu"]	2052
[35, 19, "pos"]	1118
[35, 2, "neg"]	143
[35, 2, "neu"]	682
[35, 2, "pos"]	374
[35, 20, "neg"]	408
[35, 20, "neu"]	1849
[35, 20, "pos"]	1082
[35, 21, "neg"]	229
[35, 21, "neu"]	991
[35, 21, "pos"]	615
[35, 22, "neg"]	246
[35, 22, "neu"]	989
[35, 22, "pos"]	676
[35, 23, "neg"]	243
[35, 23, "neu"]	1081
[35, 23, "pos"]	686
[35, 3, "neg"]	138
[35, 3, "neu"]	705
[35, 3, "pos"]	399
[35, 4, "neg"]	127
[35, 4, "neu"]	727
[35, 4, "pos"]	365
[35, 5, "neg"]	136
[35, 5, "neu"]	860
[35, 5, "pos"]	382
[35, 6, "neg"]	179
[35, 6, "neu"]	1112
[35, 6, "pos"]	484
[35, 7, "neg"]	187
[35, 7, "neu"]	1244
[35, 7, "pos"]	492
[35, 8, "neg"]	247
[35, 8, "neu"]	1505
[35, 8, "pos"]	670
[35, 9, "neg"]	318
[35, 9, "neu"]	1883
[35, 9, "pos"]	723
[36, 0, "neg"]	35
[36, 0, "neu"]	242
[36, 0, "pos"]	268
[36, 1, "neg"]	103
[36, 1, "neu"]	576
[36, 1, "pos"]	741
[36, 10, "neg"]	113
[36, 10, "neu"]	833
[36, 10, "pos"]	862
[36, 11, "neg"]	124
[36, 11, "neu"]	722
[36, 11, "pos"]	672
[36, 12, "neg"]	129
[36, 12, "neu"]	689
[36, 12, "pos"]	726
[36, 13, "neg"]	180
[36, 13, "neu"]	723
[36, 13, "pos"]	912
[36, 14, "neg"]	143
[36, 14, "neu"]	697
[36, 14, "pos"]	739
[36, 15, "neg"]	164
[36, 15, "neu"]	542
[36, 15, "pos"]	678
[36, 16, "neg"]	182
[36, 16, "neu"]	644
[36, 16, "pos"]	493
[36, 17, "neg"]	146
[36, 17, "neu"]	602
[36, 17, "pos"]	435
[36, 18, "neg"]	144
[36, 18, "neu"]	903
[36, 18, "pos"]	409
[36, 19, "neg"]	127
[36, 19, "neu"]	645
[36, 19, "pos"]	434
[36, 2, "neg"]	75
[36, 2, "neu"]	535
[36, 2, "pos"]	481
[36, 20, "neg"]	158
[36, 20, "neu"]	505
[36, 20, "pos"]	524
[36, 21, "neg"]	16
[36, 21, "neu"]	128
[36, 21, "pos"]	63
[36, 22, "neg"]	113
[36, 22, "neu"]	581
[36, 22, "pos"]	437
[36, 23, "neg"]	150
[36, 23, "neu"]	832
[36, 23, "pos"]	616
[36, 3, "neg"]	82
[36, 3, "neu"]	567
[36, 3, "pos"]	546
[36, 4, "neg"]	105
[36, 4, "neu"]	618
[36, 4, "pos"]	571
[36, 5, "neg"]	83
[36, 5, "neu"]	667
[36, 5, "pos"]	672
[36, 6, "neg"]	81
[36, 6, "neu"]	582
[36, 6, "pos"]	624
[36, 7, "neg"]	71
[36, 7, "neu"]	577
[36, 7, "pos"]	533
[36, 8, "neg"]	87
[36, 8, "neu"]	543
[36, 8, "pos"]	487
[36, 9, "neg"]	97
[36, 9, "neu"]	638
[36, 9, "pos"]	549
[37, 0, "neg"]	314
[37, 0, "neu"]	1351
[37, 0, "pos"]	1068
[37, 1, "neg"]	254
[37, 1, "neu"]	1178
[37, 1, "pos"]	1143
[37, 10, "neg"]	332
[37, 10, "neu"]	1854
[37, 10, "pos"]	1025
[37, 11, "neg"]	232
[37, 11, "neu"]	1049
[37, 11, "pos"]	653
[37, 12, "neg"]	298
[37, 12, "neu"]	1066
[37, 12, "pos"]	801
[37, 13, "neg"]	305
[37, 13, "neu"]	1394
[37, 13, "pos"]	1094
[37, 14, "neg"]	471
[37, 14, "neu"]	2091
[37, 14, "pos"]	1405
[37, 15, "neg"]	409
[37, 15, "neu"]	1675
[37, 15, "pos"]	1215
[37, 16, "neg"]	286
[37, 16, "neu"]	1127
[37, 16, "pos"]	750
[37, 17, "neg"]	325
[37, 17, "neu"]	1023
[37, 17, "pos"]	764
[37, 18, "neg"]	273
[37, 18, "neu"]	1065
[37, 18, "pos"]	665
[37, 19, "neg"]	304
[37, 19, "neu"]	1095
[37, 19, "pos"]	1003
[37, 2, "neg"]	332
[37, 2, "neu"]	1925
[37, 2, "pos"]	1553
[37, 20, "neg"]	497
[37, 20, "neu"]	1305
[37, 20, "pos"]	934
[37, 21, "neg"]	268
[37, 21, "neu"]	950
[37, 21, "pos"]	744
[37, 22, "neg"]	265
[37, 22, "neu"]	907
[37, 22, "pos"]	646
[37, 23, "neg"]	217
[37, 23, "neu"]	838
[37, 23, "pos"]	883
[37, 3, "neg"]	245
[37, 3, "neu"]	1393
[37, 3, "pos"]	893
[37, 4, "neg"]	214
[37, 4, "neu"]	1090
[37, 4, "pos"]	722
[37, 5, "neg"]	204
[37, 5, "neu"]	1203
[37, 5, "pos"]	773
[37, 6, "neg"]	211
[37, 6, "neu"]	1355
[37, 6, "pos"]	1067
[37, 7, "neg"]	203
[37, 7, "neu"]	1312
[37, 7, "pos"]	626
[37, 8, "neg"]	242
[37, 8, "neu"]	1477
[37, 8, "pos"]	643
[37, 9, "neg"]	255
[37, 9, "neu"]	1486
[37, 9, "pos"]	774
[38, 0, "neg"]	67
[38, 0, "neu"]	416
[38, 0, "pos"]	208
[38, 1, "neg"]	52
[38, 1, "neu"]	335
[38, 1, "pos"]	160
[38, 10, "neg"]	135
[38, 10, "neu"]	771
[38, 10, "pos"]	367
[38, 11, "neg"]	155
[38, 11, "neu"]	759
[38, 11, "pos"]	379
[38, 12, "neg"]	316
[38, 12, "neu"]	896
[38, 12, "pos"]	506
[38, 13, "neg"]	206
[38, 13, "neu"]	719
[38, 13, "pos"]	514
[38, 14, "neg"]	160
[38, 14, "neu"]	635
[38, 14, "pos"]	389
[38, 15, "neg"]	204
[38, 15, "neu"]	721
[38, 15, "pos"]	494
[38, 16, "neg"]	160
[38, 16, "neu"]	734
[38, 16, "pos"]	982
[38, 17, "neg"]	165
[38, 17, "neu"]	769
[38, 17, "pos"]	729
[38, 18, "neg"]	191
[38, 18, "neu"]	627
[38, 18, "pos"]	571
[38, 19, "neg"]	154
[38, 19, "neu"]	604
[38, 19, "pos"]	488
[38, 2, "neg"]	40
[38, 2, "neu"]	212
[38, 2, "pos"]	124
[38, 20, "neg"]	190
[38, 20, "neu"]	540
[38, 20, "pos"]	412
[38, 21, "neg"]	71
[38, 21, "neu"]	288
[38, 21, "pos"]	279
[38, 22, "neg"]	75
[38, 22, "neu"]	272
[38, 22, "pos"]	221
[38, 23, "neg"]	84
[38, 23, "neu"]	314
[38, 23, "pos"]	265
[38, 3, "neg"]	30
[38, 3, "neu"]	241
[38, 3, "pos"]	117
[38, 4, "neg"]	36
[38, 4, "neu"]	316
[38, 4, "pos"]	137
[38, 5, "neg"]	74
[38, 5, "neu"]	420
[38, 5, "pos"]	178
[38, 6, "neg"]	85
[38, 6, "neu"]	414
[38, 6, "pos"]	245
[38, 7, "neg"]	81
[38, 7, "neu"]	546
[38, 7, "pos"]	187
[38, 8, "neg"]	143
[38, 8, "neu"]	650
[38, 8, "pos"]	253
[38, 9, "neg"]	125
[38, 9, "neu"]	723
[38, 9, "pos"]	329
[39, 0, "neg"]	357
[39, 0, "neu"]	2607
[39, 0, "pos"]	1214
[39, 1, "neg"]	332
[39, 1, "neu"]	2298
[39, 1, "pos"]	1138
[39, 10, "neg"]	145
[39, 10, "neu"]	1093
[39, 10, "pos"]	328
[39, 11, "neg"]	29
[39, 11, "neu"]	190
[39, 11, "pos"]	39
[39, 12, "neg"]	67
[39, 12, "neu"]	503
[39, 12, "pos"]	198
[39, 13, "neg"]	164
[39, 13, "neu"]	998
[39, 13, "pos"]	413
[39, 14, "neg"]	373
[39, 14, "neu"]	2512
[39, 14, "pos"]	981
[39, 15, "neg"]	771
[39, 15, "neu"]	4318
[39, 15, "pos"]	2548
[39, 16, "neg"]	820
[39, 16, "neu"]	3961
[39, 16, "pos"]	3019
[39, 17, "neg"]	565
[39, 17, "neu"]	2432
[39, 17, "pos"]	1714
[39, 18, "neg"]	613
[39, 18, "neu"]	2873
[39, 18, "pos"]	1426
[39, 19, "neg"]	368
[39, 19, "neu"]	1954
[39, 19, "pos"]	1406
[39, 2, "neg"]	336
[39, 2, "neu"]	2008
[39, 2, "pos"]	975
[39, 20, "neg"]	486
[39, 20, "neu"]	2089
[39, 20, "pos"]	1167
[39, 21, "neg"]	214
[39, 21, "neu"]	1007
[39, 21, "pos"]	596
[39, 22, "neg"]	299
[39, 22, "neu"]	1899
[39, 22, "pos"]	1098
[39, 23, "neg"]	604
[39, 23, "neu"]	3283
[39, 23, "pos"]	1762
[39, 3, "neg"]	307
[39, 3, "neu"]	2223
[39, 3, "pos"]	983
[39, 4, "neg"]	310
[39, 4, "neu"]	1823
[39, 4, "pos"]	983
[39, 5, "neg"]	235
[39, 5, "neu"]	1583
[39, 5, "pos"]	832
[39, 6, "neg"]	176
[39, 6, "neu"]	1217
[39, 6, "pos"]	539
[39, 7, "neg"]	155
[39, 7, "neu"]	1065
[39, 7, "pos"]	504
[39, 8, "neg"]	201
[39, 8, "neu"]	1199
[39, 8, "pos"]	473
[39, 9, "neg"]	134
[39, 9, "neu"]	1644
[39, 9, "pos"]	443
[40, 0, "neg"]	286
[40, 0, "neu"]	1350
[40, 0, "pos"]	1425
[40, 1, "neg"]	349
[40, 1, "neu"]	2167
[40, 1, "pos"]	1532
[40, 10, "neg"]	157
[40, 10, "neu"]	1237
[40, 10, "pos"]	432
[40, 11, "neg"]	82
[40, 11, "neu"]	623
[40, 11, "pos"]	173
[40, 12, "neg"]	86
[40, 12, "neu"]	507
[40, 12, "pos"]	266
[40, 13, "neg"]	83
[40, 13, "neu"]	641
[40, 13, "pos"]	267
[40, 14, "neg"]	192
[40, 14, "neu"]	1175
[40, 14, "pos"]	690
[40, 15, "neg"]	264
[40, 15, "neu"]	2467
[40, 15, "pos"]	1058
[40, 16, "neg"]	475
[40, 16, "neu"]	2959
[40, 16, "pos"]	1459
[40, 17, "neg"]	499
[40, 17, "neu"]	3238
[40, 17, "pos"]	1822
[40, 18, "neg"]	374
[40, 18, "neu"]	2156
[40, 18, "pos"]	1182
[40, 19, "neg"]	202
[40, 19, "neu"]	1797
[40, 19, "pos"]	685
[40, 2, "neg"]	350
[40, 2, "neu"]	2608
[40, 2, "pos"]	1552
[40, 20, "neg"]	252
[40, 20, "neu"]	1551
[40, 20, "pos"]	931
[40, 21, "neg"]	276
[40, 21, "neu"]	1462
[40, 21, "pos"]	876
[40, 22, "neg"]	243
[40, 22, "neu"]	1423
[40, 22, "pos"]	1016
[40, 23, "neg"]	202
[40, 23, "neu"]	1064
[40, 23, "pos"]	663
[40, 3, "neg"]	438
[40, 3, "neu"]	2179
[40, 3, "pos"]	1350
[40, 4, "neg"]	339
[40, 4, "neu"]	1364
[40, 4, "pos"]	920
[40, 5, "neg"]	752
[40, 5, "neu"]	1425
[40, 5, "pos"]	766
[40, 6, "neg"]	184
[40, 6, "neu"]	1041
[40, 6, "pos"]	629
[40, 7, "neg"]	187
[40, 7, "neu"]	1582
[40, 7, "pos"]	673
[40, 8, "neg"]	171
[40, 8, "neu"]	1399
[40, 8, "pos"]	485
[40, 9, "neg"]	205
[40, 9, "neu"]	2120
[40, 9, "pos"]	614
[41, 0, "neg"]	464
[41, 0, "neu"]	2218
[41, 0, "pos"]	1475
[41, 1, "neg"]	454
[41, 1, "neu"]	1635
[41, 1, "pos"]	1112
[41, 10, "neg"]	237
[41, 10, "neu"]	1784
[41, 10, "pos"]	777
[41, 11, "neg"]	140
[41, 11, "neu"]	987
[41, 11, "pos"]	429
[41, 12, "neg"]	229
[41, 12, "neu"]	1296
[41, 12, "pos"]	525
[41, 13, "neg"]	390
[41, 13, "neu"]	2105
[41, 13, "pos"]	1097
[41, 14, "neg"]	613
[41, 14, "neu"]	3408
[41, 14, "pos"]	2160
[41, 15, "neg"]	584
[41, 15, "neu"]	3213
[41, 15, "pos"]	1723
[41, 16, "neg"]	955
[41, 16, "neu"]	4265
[41, 16, "pos"]	2520
[41, 17, "neg"]	947
[41, 17, "neu"]	2647
[41, 17, "pos"]	1567
[41, 18, "neg"]	509
[41, 18, "neu"]	1716
[41, 18, "pos"]	1171
[41, 19, "neg"]	529
[41, 19, "neu"]	2294
[41, 19, "pos"]	5413
[41, 2, "neg"]	486
[41, 2, "neu"]	2046
[41, 2, "pos"]	1595
[41, 20, "neg"]	491
[41, 20, "neu"]	2542
[41, 20, "pos"]	3238
[41, 21, "neg"]	939
[41, 21, "neu"]	1749
[41, 21, "pos"]	1873
[41, 22, "neg"]	817
[41, 22, "neu"]	2606
[41, 22, "pos"]	2434
[41, 23, "neg"]	648
[41, 23, "neu"]	2492
[41, 23, "pos"]	2120
[41, 3, "neg"]	437
[41, 3, "neu"]	2046
[41, 3, "pos"]	1519
[41, 4, "neg"]	324
[41, 4, "neu"]	1837
[41, 4, "pos"]	1258
[41, 5, "neg"]	354
[41, 5, "neu"]	1571
[41, 5, "pos"]	1140
[41, 6, "neg"]	268
[41, 6, "neu"]	1705
[41, 6, "pos"]	1435
[41, 7, "neg"]	293
[41, 7, "neu"]	1782
[41, 7, "pos"]	1100
[41, 8, "neg"]	301
[41, 8, "neu"]	2371
[41, 8, "pos"]	1014
[41, 9, "neg"]	332
[41, 9, "neu"]	2489
[41, 9, "pos"]	1175
[42, 0, "neg"]	1660
[42, 0, "neu"]	12906
[42, 0, "pos"]	5844
[42, 1, "neg"]	1562
[42, 1, "neu"]	12986
[42, 1, "pos"]	5404
[42, 13, "neg"]	726
[42, 13, "neu"]	2149
[42, 13, "pos"]	822
[42, 14, "neg"]	299
[42, 14, "neu"]	1831
[42, 14, "pos"]	633
[42, 15, "neg"]	29
[42, 15, "neu"]	132
[42, 15, "pos"]	94
[42, 16, "neg"]	178
[42, 16, "neu"]	740
[42, 16, "pos"]	632
[42, 17, "neg"]	264
[42, 17, "neu"]	884
[42, 17, "pos"]	773
[42, 18, "neg"]	198
[42, 18, "neu"]	564
[42, 18, "pos"]	398
[42, 2, "neg"]	2208
[42, 2, "neu"]	12012
[42, 2, "pos"]	4707
[42, 3, "neg"]	274
[42, 3, "neu"]	1676
[42, 3, "pos"]	897
